19104 26
19104 26
19104 26
19107 36
19107 76
19107 301
19107 36
19107 36
19107 76
19107 36
19107 76
19103 36
19103 51
19103 36
19103 36
19103 36
19103 36
19103 36
19103 36
19103 301
19103 51
19103 36
19103 36
19102 36
19103 76
19103 36
19103 51
19103 36
19103 36
19103 36
19103 36
19103 36
19107 36
19107 36
19107 36
19107 36
19107 36
19147 36
19107 36
19107 36
19107 36
19147 36
19127 26
19103 36
19146 26
19146 26
19147 51
19103 76
19103 76
19118 26
19146 26
19146 26
19107 76
19103 36
19130 36
19106 51
19106 36
19106 36
19106 76
19106 36
19106 36
19147 36
19107 36
19107 36
19107 36
19107 36
19107 31
19107 36
19107 36
19107 36
19107 51
19107 36
19107 36
19107 36
19107 36
19107 36
19104 36
19104 26
19104 76
19103 36
19119 26
19103 36
19107 76
19103 36
19103 36
19102 76
19102 36
19146 36
19139 26
19139 26
19139 26
19123 51
19139 26
19139 26
19147 36
19131 26
19144 26
19144 26
19104 36
19104 36
19104 36
19104 36
19104 36
19104 76
19104 36
19104 36
19104 76
19104 36
19104 36
19104 36
19104 31
19104 36
19104 36
19104 36
19130 36
19104 36
19104 76
19104 36
19104 36
19104 36
19104 76
19104 76
19104 36
19104 36
19104 36
19104 36
19104 36
19104 36
19104 36
19104 36
19104 36
19104 36
19104 36
19104 36
19104 36
19104 36
19104 36
19104 36
19104 36
19104 36
19104 36
19104 36
19104 36
19104 36
19104 36
19104 36
19103 36
19104 36
19104 36
19104 36
19104 36
19104 36
19104 36
19104 36
19104 36
19104 36
19104 36
19104 36
19104 36
19104 36
19104 36
19104 36
19104 36
19103 76
19104 36
19104 36
19104 36
19104 36
19104 36
19104 36
19104 36
19104 36
19104 36
19104 36
19104 36
19104 36
19104 36
19103 301
19104 36
19104 36
19104 36
19104 36
19104 36
19104 36
19104 36
19104 36
19104 36
19104 36
19104 36
19104 36
19104 36
19104 36
19104 36
19106 36
19106 36
19106 36
19106 36
19106 36
19106 36
19103 36
19106 36
19106 36
19106 36
19106 36
19106 36
19106 36
19106 51
19106 36
19106 36
19106 51
19146 51
19146 51
19146 51
19146 51
19146 51
19146 51
19146 51
19146 51
19146 51
19107 36
19147 26
19147 36
19147 41
19147 26
19103 76
19102 76
19147 26
19102 51
19147 26
19147 76
19103 36
19103 51
19147 51
19146 36
19102 76
19102 76
19102 76
19147 51
19102 76
19102 76
19103 76
19106 36
19104 76
19103 76
19103 51
19102 76
19106 76
19103 31
19103 36
19106 36
19102 76
19103 76
19102 76
19106 76
19102 51
19103 31
19102 76
19146 31
19103 76
19102 76
19104 51
19102 76
19102 31
19102 51
19102 76
19102 76
19110 76
19106 301
19104 51
19146 26
19147 26
19146 36
19147 26
19147 26
19147 26
19146 26
19147 26
19147 26
19147 26
19103 76
19147 26
19107 76
19146 36
19146 26
19102 36
19103 76
19146 26
19146 36
19146 36
19146 26
19146 26
19146 26
19146 26
19146 26
19103 36
19146 26
19146 26
19129 26
19147 26
19146 36
19107 36
19107 76
19147 51
19147 36
19147 26
19147 36
19147 36
19147 36
19148 51
19106 36
19106 36
19106 76
19106 76
19106 36
19106 36
19103 36
19106 41
19106 41
19106 36
19106 36
19103 51
19106 36
19106 36
19106 36
19106 36
19106 36
19104 76
19106 76
19104 36
19104 26
19107 36
19104 36
19107 36
19107 36
19104 36
19104 31
19148 26
19130 26
19130 26
19130 26
19130 26
19106 36
19130 26
19123 76
19102 36
19102 36
19102 51
19104 26
19103 36
19132 26
19102 76
19130 26
19130 51
19103 36
19102 36
19103 76
19147 76
19130 26
19130 26
19130 26
19147 36
19103 76
19130 51
19130 26
19103 36
19107 36
19107 36
19103 36
19107 76
19103 36
19104 36
19103 36
19104 26
19104 36
19106 76
19103 76
19104 31
19102 76
19121 51
19103 76
19103 76
19103 76
19104 76
19103 76
19103 76
19103 76
19103 76
19103 76
19104 36
19148 26
19103 36
19130 76
19130 36
19130 26
19130 41
19130 41
19130 51
19107 76
19107 76
19147 26
19147 26
19145 31
19145 26
19145 26
19148 26
19148 31
19144 51
19144 51
19144 51
19144 51
19144 51
19144 51
19144 51
19144 51
19144 51
19148 26
19129 51
19107 36
19144 51
19144 51
19144 51
19144 51
19107 36
19106 36
19102 36
19147 76
19147 36
19107 76
19103 36
19107 36
19107 76
19107 36
19107 36
19103 36
19107 36
19103 36
19103 36
19103 76
19107 51
19107 36
19107 36
19130 36
19107 36
19107 36
19107 36
19107 36
19107 36
19107 36
19106 76
19103 36
19103 36
19102 36
19130 36
19107 36
19107 36
19130 36
19107 36
19147 51
19147 51
19147 51
19147 51
19147 51
19147 51
19147 51
19103 36
19147 51
19147 51
19147 51
19147 51
19147 51
19147 51
19146 26
19146 26
19146 26
19123 36
19103 36
19146 36
19146 36
19146 36
19146 36
19146 36
19146 36
19146 36
19104 36
19123 76
19146 36
19130 76
19140 26
19104 26
19104 26
19104 31
19104 76
19104 31
19104 51
19104 76
19104 76
19147 76
19102 76
19102 76
19102 51
19146 36
19148 26
19146 26
19146 36
19146 26
19146 26
19146 36
19107 36
19146 26
19146 26
19130 76
19103 76
19107 36
19103 36
19107 36
19107 36
19107 36
19106 36
19106 36
19147 51
19145 26
19147 26
19107 36
19107 36
19107 36
19107 36
19107 36
19107 36
19107 36
19103 51
19140 26
19140 51
19140 26
19140 26
19141 51
19140 26
19107 76
19107 36
19107 76
19123 36
19102 36
19103 36
19122 51
19130 36
19122 76
19122 51
19123 36
19121 26
19121 26
19147 36
19122 51
19130 76
19103 36
19144 51
19103 76
19103 76
19147 36
19144 51
19103 36
19133 51
19123 36
19123 36
19125 26
19107 36
19106 36
19122 26
19122 26
19122 26
19122 26
19122 26
19122 26
19122 26
19144 26
19131 36
19144 26
19144 26
19144 26
19144 26
19147 76
19128 26
19106 51
19106 51
19103 76
19103 36
19146 31
19102 31
19102 31
19107 76
19107 76
19102 76
19103 76
19147 51
19102 76
19102 51
19103 76
19102 76
19103 76
19103 31
19103 31
19107 76
19102 76
19107 51
19103 76
19103 51
19103 51
19106 76
19107 31
19107 31
19103 76
19103 76
19106 76
19103 76
19110 76
19107 301
19102 76
19103 51
19102 31
19103 31
19107 31
19103 36
19102 76
19107 76
19103 31
19107 76
19103 31
19102 76
19146 51
19107 76
19102 76
19107 51
19102 51
19102 31
19107 76
19102 76
19147 76
19146 31
19103 76
19102 51
19103 76
19102 76
19106 31
19103 76
19103 76
19102 76
19106 76
19102 76
19102 51
19146 76
19103 31
19107 76
19107 36
19102 76
19103 31
19102 76
19102 76
19103 31
19107 51
19102 76
19103 76
19147 31
19103 31
19102 76
19103 76
19103 76
19102 31
19106 76
19102 51
19103 31
19102 76
19104 76
19107 76
19103 76
19106 76
19106 76
19102 76
19103 76
19107 76
19106 76
19107 76
19103 36
19103 76
19107 76
19103 51
19106 76
19106 76
19104 76
19103 51
19102 76
19103 76
19106 31
19147 51
19102 76
19102 76
19103 76
19146 31
19103 76
19147 76
19103 51
19102 31
19106 76
19102 51
19102 76
19106 76
19106 76
19103 76
19106 76
19103 51
19129 31
19103 51
19146 51
19120 51
19106 51
19107 76
19102 76
19104 76
19107 76
19102 76
19104 76
19103 76
19125 51
19125 26
19125 26
19125 26
19121 41
19121 41
19102 36
19147 36
19123 36
19121 51
19107 36
19146 36
19125 26
19125 26
19104 26
19106 36
19147 51
19147 26
19107 51
19104 36
19106 36
19104 36
19103 76
19106 36
19106 76
19106 36
19104 36
19127 26
19104 36
19103 36
19103 51
19103 36
19147 36
19107 51
19147 51
19106 36
19147 36
19147 36
19147 51
19102 76
19107 51
19106 76
19103 76
19102 51
19102 76
19103 76
19103 76
19107 51
19102 51
19106 76
19104 76
19130 36
19104 36
19104 36
19104 26
19130 36
19104 26
19130 31
19107 36
19104 26
19104 26
19107 36
19104 26
19107 36
19147 36
19104 26
19107 36
19104 41
19125 26
19148 51
19130 51
19125 26
19125 26
19147 36
19123 51
19123 41
19104 36
19106 76
19107 36
19107 31
19104 36
19147 36
19102 51
19103 76
19102 76
19145 51
19103 76
19102 76
19103 51
19107 76
19106 76
19106 76
19103 76
19102 76
19103 76
19103 51
19103 76
19102 76
19102 76
19107 76
19103 76
19102 51
19103 76
19106 76
19103 76
19103 76
19103 76
19103 76
19102 31
19107 76
19146 26
19146 26
19146 26
19146 26
19146 26
19146 26
19145 26
19146 26
19146 26
19147 36
19146 26
19146 26
19146 26
19147 36
19146 26
19146 26
19146 26
19146 26
19146 26
19146 26
19146 26
19146 26
19130 41
19133 26
19133 26
19133 26
19133 26
19133 26
19103 51
19147 36
19103 36
19144 26
19144 26
19144 26
19104 36
19145 76
19145 41
19103 76
19103 36
19147 36
19107 36
19102 36
19102 36
19102 51
19102 36
19102 36
19102 41
19102 36
19102 36
19144 26
19144 26
19123 36
19127 26
19123 36
19127 26
19123 36
19127 41
19123 36
19102 36
19140 26
19123 51
19123 36
19123 36
19107 36
19123 36
19123 36
19123 36
19123 41
19123 41
19123 41
19123 41
19123 36
19123 51
19123 41
19123 36
19123 41
19123 41
19107 76
19107 31
19104 51
19104 31
19103 76
19103 51
19107 76
19107 76
19103 51
19107 51
19123 36
19146 36
19147 36
19147 26
19107 36
19107 51
19106 76
19147 26
19106 76
19147 36
19130 36
19123 26
19107 76
19106 51
19106 76
19132 31
19132 31
19103 76
19147 26
19147 51
19147 51
19147 51
19147 36
19147 26
19147 41
19147 301
19147 26
19147 26
19147 41
19147 26
19147 51
19147 41
19103 36
19103 76
19103 51
19102 36
19103 36
19103 36
19107 36
19103 36
19106 76
19106 51
19106 36
19106 36
19106 36
19106 36
19106 36
19106 36
19106 36
19106 36
19106 36
19107 36
19106 36
19147 301
19103 76
19125 51
19125 51
19103 76
19147 76
19107 76
19107 76
19106 51
19106 36
19103 51
19102 31
19102 76
19107 76
19107 51
19130 36
19130 36
19130 36
19107 76
19130 36
19130 36
19130 36
19130 36
19130 36
19130 36
19147 36
19103 36
19123 36
19123 36
19147 36
19130 36
19130 36
19147 51
19147 26
19148 26
19146 31
19146 26
19146 41
19147 41
19146 41
19147 41
19146 41
19103 76
19104 36
19103 76
19107 36
19102 41
19104 36
19143 26
19104 76
19102 36
19143 26
19104 301
19104 36
19121 51
19104 36
19143 26
19104 36
19103 36
19106 36
19104 36
19104 36
19104 36
19104 36
19143 41
19146 36
19107 36
19146 36
19146 36
19146 36
19146 36
19146 36
19103 76
19103 76
19146 36
19146 36
19146 36
19146 36
19146 36
19146 36
19146 36
19146 36
19146 36
19146 36
19146 36
19146 36
19147 36
19147 36
19146 36
19107 51
19146 36
19146 36
19146 36
19103 36
19146 36
19146 36
19146 36
19146 36
19146 36
19146 36
19102 51
19102 36
19102 36
19146 36
19102 76
19130 36
19138 26
19103 51
19103 76
19130 36
19120 76
19106 36
19146 51
19132 51
19130 36
19103 51
19103 31
19103 36
19103 76
19103 36
19122 76
19107 36
19103 36
19107 36
19147 36
19146 41
19102 51
19102 76
19107 76
19103 76
19106 76
19103 76
19103 31
19102 76
19103 36
19103 51
19107 76
19103 76
19107 76
19102 76
19102 76
19103 76
19130 76
19103 76
19103 51
19103 76
19104 76
19106 76
19103 51
19102 76
19102 76
19103 76
19107 76
19103 76
19103 76
19103 76
19102 51
19104 76
19103 76
19102 76
19107 76
19107 76
19107 76
19103 76
19103 36
19103 51
19103 31
19103 51
19103 76
19103 76
19103 36
19103 76
19103 76
19102 76
19103 76
19106 76
19103 51
19103 36
19147 51
19103 76
19106 36
19104 31
19104 36
19103 36
19104 26
19103 36
19104 31
19106 76
19104 31
19104 31
19103 36
19106 36
19103 36
19103 76
19107 76
19107 76
19103 301
19103 51
19107 26
19104 36
19103 76
19106 51
19103 76
19103 76
19103 76
19107 51
19102 76
19107 36
19106 36
19106 36
19106 36
19106 36
19147 26
19103 31
19106 36
19107 36
19106 36
19147 26
19102 76
19107 76
19102 31
19147 31
19121 26
19121 26
19130 26
19147 76
19147 26
19107 36
19103 36
19104 76
19103 76
19107 76
19106 76
19103 36
19102 76
19103 76
19107 76
19103 76
19102 76
19104 76
19127 51
19130 51
19127 26
19127 76
19130 36
19130 26
19103 76
19107 76
19107 76
19130 51
19103 76
19139 26
19103 76
19103 76
19103 51
19107 36
19107 36
19107 36
19107 36
19107 76
19107 36
19107 41
19107 36
19107 36
19107 36
19107 36
19107 36
19107 36
19147 51
19147 36
19147 36
19147 36
19147 36
19147 36
19147 36
19107 36
19147 36
19147 36
19147 36
19147 76
19147 36
19147 41
19147 36
19147 36
19147 36
19147 36
19147 36
19147 51
19107 76
19106 31
19103 36
19147 26
19107 36
19106 36
19106 36
19106 36
19106 36
19106 36
19106 51
19130 36
19147 26
19147 26
19123 51
19147 26
19107 36
19147 36
19107 36
19107 36
19107 36
19107 301
19107 36
19107 36
19107 36
19106 36
19103 36
19106 36
19106 76
19106 36
19147 26
19103 41
19103 36
19103 41
19103 41
19103 76
19130 36
19146 41
19103 36
19107 36
19107 31
19103 36
19130 41
19103 41
19103 36
19130 41
19103 36
19130 41
19107 31
19107 31
19103 76
19103 51
19103 76
19107 76
19103 76
19103 76
19121 51
19103 76
19103 31
19106 76
19103 76
19103 76
19103 76
19103 76
19103 76
19102 31
19120 26
19120 26
19120 26
19120 26
19120 26
19120 26
19120 26
19120 26
19120 26
19120 26
19120 26
19149 26
19120 26
19120 26
19149 26
19124 26
19149 26
19120 26
19120 26
19120 26
19120 26
19104 26
19104 36
19103 36
19104 36
19103 76
19104 26
19130 51
19130 31
19129 26
19123 26
19144 26
19106 36
19106 36
19129 26
19106 36
19129 26
19104 51
19104 26
19104 26
19102 36
19128 41
19128 51
19127 76
19127 51
19127 41
19107 51
19128 51
19107 36
19128 51
19127 41
19127 51
19128 51
19128 51
19128 26
19128 26
19127 41
19127 41
19127 41
19146 36
19146 51
19103 36
19146 36
19146 26
19103 36
19104 36
19131 51
19146 26
19146 26
19104 36
19146 26
19107 51
19106 36
19106 36
19106 36
19106 36
19106 36
19106 36
19106 36
19106 36
19106 36
19106 36
19106 36
19106 36
19106 36
19106 36
19106 36
19106 36
19106 36
19106 36
19106 36
19106 36
19106 36
19106 36
19106 36
19106 36
19106 36
19106 36
19106 36
19106 76
19106 36
19147 26
19147 26
19147 26
19122 26
19107 36
19107 76
19104 36
19104 26
19104 36
19104 26
19104 36
19104 36
19104 36
19104 26
19145 36
19104 26
19104 36
19104 26
19104 26
19104 36
19104 36
19104 36
19103 36
19127 26
19127 26
19127 26
19127 26
19127 26
19127 26
19127 51
19127 26
19127 26
19127 51
19124 26
19104 36
19107 36
19140 51
19145 26
19140 76
19140 26
19147 76
19144 26
19102 36
19107 36
19107 36
19107 36
19104 76
19104 36
19104 36
19104 36
19104 26
19139 26
19139 26
19139 26
19104 76
19107 76
19103 51
19103 51
19107 76
19103 36
19107 76
19107 51
19147 36
19147 301
19147 36
19103 31
19107 36
19107 76
19106 76
19106 36
19106 36
19107 36
19121 26
19103 36
19107 36
19147 36
19107 36
19106 36
19147 36
19130 41
19103 36
19107 36
19103 36
19107 36
19147 26
19103 36
19147 26
19147 41
19147 26
19147 26
19147 36
19103 36
19146 36
19147 26
19147 26
19147 26
19148 26
19148 26
19148 26
19148 26
19147 26
19148 26
19147 26
19107 36
19107 76
19107 36
19107 36
19103 36
19103 76
19103 76
19106 76
19103 76
19107 51
19103 76
19106 76
19103 31
19102 51
19107 76
19102 31
19106 76
19147 26
19147 26
19107 36
19107 36
19107 36
19147 31
19115 31
19115 31
19115 31
19115 31
19115 31
19121 26
19103 36
19121 26
19121 26
19121 26
19121 26
19102 31
19102 76
19102 76
19102 51
19107 76
19107 76
19102 76
19102 76
19107 51
19102 76
19102 76
19128 51
19127 26
19107 76
19107 36
19127 26
19106 36
19139 26
19139 26
19139 26
19139 26
19104 26
19103 51
19147 36
19147 26
19147 26
19147 26
19102 36
19107 36
19104 51
19104 41
19104 51
19107 36
19103 36
19104 36
19104 36
19102 36
19106 36
19127 26
19103 51
19103 51
19130 36
19145 41
19104 26
19106 36
19104 26
19111 26
19104 51
19103 76
19103 76
19103 76
19103 76
19103 76
19107 76
19103 76
19107 31
19130 76
19141 51
19104 76
19145 51
19130 51
19103 76
19103 76
19107 31
19103 76
19103 76
19103 31
19106 76
19103 31
19103 76
19103 76
19103 76
19107 76
19154 51
19131 51
19131 51
19104 36
19131 76
19131 31
19147 36
19147 36
19147 36
19107 36
19147 26
19147 76
19147 26
19147 26
19147 26
19147 76
19104 76
19104 76
19130 36
19139 26
19107 76
19103 36
19125 26
19130 26
19146 26
19106 36
19146 26
19123 36
19107 76
19128 51
19127 26
19104 36
19104 36
19106 51
19123 41
19128 26
19146 26
19147 26
19147 36
19147 36
19107 36
19147 36
19147 36
19147 36
19147 36
19107 36
19107 36
19147 36
19147 36
19107 36
19107 36
19147 36
19147 36
19147 36
19107 36
19147 36
19147 36
19107 36
19107 36
19107 51
19147 36
19147 26
19107 36
19104 76
19104 51
19104 26
19104 26
19104 26
19104 26
19104 26
19147 36
19140 26
19140 26
19140 26
19140 26
19140 26
19107 36
19104 36
19146 26
19146 26
19103 36
19130 31
19146 26
19102 36
19103 76
19128 51
19128 51
19148 26
19148 26
19146 26
19147 26
19106 36
19148 36
19148 36
19148 36
19146 76
19148 51
19148 41
19148 41
19104 36
19104 36
19107 31
19149 51
19103 51
19102 76
19106 76
19102 76
19106 36
19106 76
19107 76
19146 76
19102 76
19103 76
19103 76
19103 51
19103 76
19102 76
19106 76
19103 31
19147 76
19102 76
19147 76
19104 76
19107 76
19102 76
19107 76
19149 51
19104 76
19107 76
19102 76
19104 36
19104 36
19104 36
19124 26
19107 36
19102 36
19147 36
19103 31
19146 26
19147 26
19147 26
19147 26
19147 26
19147 26
19147 26
19147 26
19147 26
19106 36
19106 76
19147 26
19103 36
19107 36
19107 76
19107 31
19123 26
19123 26
19106 76
19106 51
19121 26
19106 36
19103 76
19103 36
19123 26
19104 36
19121 26
19130 36
19140 26
19140 26
19104 36
19130 31
19130 31
19106 36
19140 26
19121 26
19140 26
19140 26
19121 26
19106 36
19106 36
19106 36
19106 51
19106 36
19106 36
19106 36
19106 36
19106 36
19106 36
19106 36
19106 36
19106 36
19106 36
19147 26
19147 26
19147 26
19147 26
19147 26
19147 26
19147 26
19147 41
19147 26
19147 26
19147 26
19147 26
19147 26
19147 26
19147 26
19147 26
19147 26
19147 26
19130 26
19127 26
19103 36
19130 26
19130 26
19130 31
19130 51
19130 41
19107 36
19130 26
19130 26
19130 31
19102 76
19146 36
19130 26
19140 26
19140 26
19140 26
19146 36
19102 36
19140 26
19146 36
19140 26
19107 36
19103 36
19102 36
19103 36
19102 51
19107 36
19103 36
19111 26
19111 26
19129 51
19111 26
19124 26
19120 51
19107 51
19146 26
19146 26
19148 26
19148 26
19107 76
19148 51
19107 36
19107 36
19148 26
19148 41
19148 41
19104 36
19104 26
19104 76
19104 76
19104 36
19104 26
19104 26
19131 36
19104 36
19127 76
19127 41
19127 31
19128 76
19127 41
19127 41
19127 41
19127 41
19127 41
19107 36
19106 76
19103 36
19103 36
19103 36
19103 36
19146 31
19147 26
19147 26
19147 26
19147 26
19147 36
19147 26
19147 36
19106 36
19147 26
19147 26
19106 26
19106 36
19106 36
19106 51
19106 36
19106 36
19106 36
19106 36
19106 36
19106 76
19106 36
19147 51
19147 26
19147 36
19103 36
19146 51
19146 36
19146 36
19146 36
19146 36
19146 36
19104 36
19104 76
19104 36
19146 26
19147 36
19107 36
19107 36
19146 36
19146 36
19146 76
19104 36
19104 36
19107 36
19106 31
19125 26
19147 36
19107 36
19107 36
19107 36
19107 36
19147 26
19147 26
19148 41
19104 36
19104 36
19147 26
19147 41
19147 26
19147 41
19107 36
19147 36
19147 36
19106 76
19147 36
19147 36
19147 36
19147 36
19102 76
19107 51
19102 76
19102 76
19107 26
19146 41
19107 36
19146 36
19146 36
19146 76
19146 36
19146 36
19106 36
19146 36
19123 51
19146 36
19146 36
19146 36
19143 26
19143 26
19143 26
19143 26
19143 51
19146 76
19146 76
19146 36
19103 51
19103 36
19103 36
19146 36
19146 36
19147 36
19148 41
19148 41
19148 41
19148 41
19148 26
19148 41
19148 26
19148 26
19148 41
19146 41
19146 36
19146 36
19103 36
19103 36
19146 36
19123 36
19123 36
19123 36
19122 51
19123 36
19123 26
19103 31
19147 76
19102 76
19102 76
19107 76
19102 76
19103 31
19103 76
19103 31
19103 76
19147 31
19107 51
19102 31
19106 76
19107 76
19103 76
19102 76
19103 31
19103 51
19103 76
19103 31
19104 76
19102 76
19102 31
19102 31
19130 31
19102 76
19103 76
19102 31
19147 31
19103 31
19103 31
19107 76
19104 26
19104 36
19104 26
19104 26
19104 26
19104 26
19104 26
19104 36
19104 26
19104 26
19106 76
19103 76
19102 31
19104 76
19103 76
19103 76
19102 76
19107 76
19103 76
19102 51
19102 76
19103 76
19103 51
19130 36
19130 36
19130 26
19147 36
19130 76
19130 51
19123 76
19103 36
19130 36
19132 26
19147 36
19130 26
19104 36
19103 36
19103 36
19103 36
19103 36
19103 36
19103 36
19103 36
19103 36
19107 36
19107 36
19123 36
19107 36
19102 76
19102 76
19107 76
19103 76
19147 76
19107 76
19104 76
19147 76
19130 51
19130 36
19130 26
19130 36
19130 51
19130 26
19107 36
19107 36
19107 76
19103 51
19123 51
19107 36
19130 36
19130 76
19130 26
19130 36
19123 36
19107 36
19103 31
19103 36
19103 36
19107 76
19104 26
19104 26
19104 26
19104 26
19104 26
19104 26
19104 26
19146 76
19146 76
19146 76
19123 36
19104 36
19148 26
19127 41
19107 31
19107 51
19107 31
19107 31
19107 31
19107 51
19107 51
19107 31
19107 31
19147 76
19147 76
19147 36
19147 26
19147 76
19147 36
19147 36
19147 36
19147 76
19147 36
19147 76
19107 36
19103 36
19103 76
19121 51
19106 36
19106 36
19103 301
19106 36
19104 301
19104 41
19104 36
19104 36
19104 36
19104 26
19142 26
19107 36
19104 26
19104 26
19104 26
19104 26
19103 51
19103 31
19103 51
19103 31
19103 41
19103 36
19103 51
19104 51
19103 76
19104 31
19104 31
19104 31
19104 36
19104 36
19104 36
19104 36
19104 36
19104 31
19104 36
19104 76
19104 51
19104 36
19104 36
19103 36
19104 51
19103 51
19104 36
19104 36
19104 36
19104 36
19104 31
19107 36
19123 36
19123 36
19103 76
19103 76
19103 76
19103 76
19102 31
19103 76
19103 76
19103 76
19103 51
19103 51
19104 76
19103 76
19104 76
19103 76
19103 76
19103 31
19103 51
19102 76
19103 76
19103 76
19103 76
19103 76
19102 76
19102 76
19103 76
19107 36
19107 36
19107 36
19107 36
19107 36
19107 36
19107 36
19107 36
19107 36
19147 36
19147 36
19107 36
19123 36
19147 36
19107 36
19107 36
19107 36
19107 36
19107 36
19107 36
19107 36
19107 36
19107 36
19147 36
19147 36
19147 36
19107 36
19107 36
19107 36
19107 36
19147 36
19147 36
19147 36
19147 36
19106 301
19107 36
19123 36
19107 36
19147 36
19123 36
19123 36
19147 36
19147 36
19123 31
19107 36
19147 36
19147 76
19147 36
19147 36
19107 36
19107 36
19107 36
19147 36
19107 36
19107 51
19107 36
19123 36
19123 76
19147 26
19147 36
19147 36
19147 36
19121 51
19121 51
19140 26
19147 36
19147 36
19102 76
19121 51
19130 26
19147 26
19106 36
19106 36
19106 76
19147 36
19130 26
19125 26
19103 51
19107 36
19107 36
19121 26
19121 26
19121 26
19121 26
19121 26
19121 26
19121 26
19104 26
19103 51
19146 26
19107 36
19146 26
19104 36
19146 26
19146 26
19146 76
19146 26
19104 76
19107 76
19146 76
19106 36
19139 26
19104 36
19139 26
19104 36
19107 36
19107 36
19139 26
19150 51
19103 301
19148 26
19148 26
19148 26
19102 51
19107 36
19124 26
19106 76
19106 76
19104 76
19107 76
19106 76
19103 76
19107 76
19103 31
19102 31
19103 76
19102 76
19102 76
19107 76
19103 31
19102 31
19107 76
19149 26
19125 51
19135 26
19106 51
19127 26
19123 36
19107 36
19130 36
19130 301
19123 76
19123 36
19146 26
19146 26
19146 26
19139 26
19146 26
19104 36
19139 26
19127 26
19146 26
19103 36
19146 26
19146 26
19146 26
19146 26
19146 26
19146 26
19146 26
19146 26
19146 26
19146 26
19146 26
19147 51
19147 51
19107 51
19104 26
19146 76
19147 36
19146 76
19103 51
19106 31
19103 76
19103 36
19147 36
19103 36
19103 36
19103 36
19103 36
19103 36
19103 36
19103 36
19103 36
19103 36
19103 36
19103 36
19130 51
19130 41
19107 41
19130 51
19103 36
19106 36
19147 36
19107 76
19141 26
19107 301
19141 26
19127 41
19106 51
19127 41
19106 76
19147 36
19146 36
19147 36
19147 26
19102 76
19146 26
19146 36
19146 36
19146 36
19146 36
19147 36
19130 26
19147 51
19146 26
19147 26
19147 26
19102 36
19104 26
19146 36
19146 26
19146 26
19146 26
19103 31
19148 26
19102 76
19148 26
19103 36
19130 26
19130 26
19130 26
19140 26
19106 36
19107 36
19107 76
19147 36
19144 26
19104 36
19104 36
19106 36
19146 36
19139 26
19104 36
19106 36
19118 26
19104 41
19107 36
19104 26
19130 36
19102 36
19103 76
19107 51
19147 26
19147 31
19147 31
19147 36
19147 26
19146 36
19147 26
19147 76
19147 51
19107 36
19147 51
19147 36
19147 36
19147 36
19147 36
19147 36
19106 36
19103 36
19147 26
19147 26
19147 26
19104 26
19104 26
19104 26
19104 26
19104 26
19104 26
19104 26
19104 26
19104 26
19104 26
19104 26
19104 26
19104 26
19104 26
19104 26
19104 26
19104 26
19104 26
19104 26
19104 26
19104 26
19104 26
19104 26
19104 26
19104 26
19104 26
19104 26
19104 26
19104 26
19104 26
19104 26
19104 26
19104 26
19104 26
19147 36
19147 36
19147 36
19147 36
19147 36
19147 36
19147 36
19147 36
19147 36
19147 36
19147 36
19147 36
19147 36
19147 36
19147 36
19147 36
19147 36
19147 36
19147 36
19134 76
19127 51
19147 41
19103 36
19143 41
19107 76
19103 51
19122 26
19107 36
19122 26
19128 41
19147 26
19147 31
19147 26
19147 36
19123 36
19107 36
19102 51
19123 36
19123 36
19103 36
19107 36
19102 51
19124 26
19124 26
19124 26
19124 26
19124 26
19124 26
19148 26
19148 26
19107 76
19148 26
19147 36
19103 51
19147 26
19147 31
19144 26
19129 51
19103 76
19129 51
19129 51
19129 26
19129 26
19129 51
19103 36
19107 36
19123 36
19103 76
19103 301
19102 76
19104 51
19107 36
19107 36
19107 36
19102 76
19130 26
19103 36
19107 36
19130 26
19147 26
19104 26
19104 26
19141 26
19104 301
19102 36
19104 26
19104 36
19104 51
19146 76
19104 31
19104 51
19104 76
19107 36
19107 36
19147 36
19107 36
19103 36
19147 51
19147 36
19123 26
19103 36
19103 36
19103 36
19123 26
19123 26
19123 26
19123 26
19147 26
19147 26
19123 26
19123 26
19147 26
19123 26
19123 26
19123 36
19123 26
19123 26
19107 76
19123 26
19123 26
19123 26
19107 76
19107 51
19107 36
19146 301
19147 36
19103 51
19144 26
19107 36
19103 36
19103 36
19107 36
19103 36
19103 76
19106 36
19106 51
19106 36
19106 51
19103 51
19103 51
19146 36
19103 51
19103 51
19147 36
19147 36
19147 301
19103 36
19102 31
19102 31
19102 31
19102 31
19102 31
19102 31
19102 31
19102 31
19102 31
19102 31
19102 31
19102 31
19102 31
19102 31
19102 31
19107 41
19107 36
19107 76
19130 41
19123 41
19123 26
19130 36
19130 41
19106 36
19106 36
19106 36
19104 36
19147 36
19104 36
19102 76
19104 36
19104 36
19104 26
19145 51
19139 26
19132 51
19139 51
19132 51
19102 76
19103 36
19147 36
19102 36
19107 51
19147 76
19147 26
19123 76
19147 36
19147 36
19147 36
19107 76
19147 36
19106 76
19130 36
19130 36
19130 26
19130 26
19130 26
19130 26
19102 36
19130 36
19107 36
19107 36
19123 36
19147 36
19123 36
19123 36
19102 76
19106 51
19106 36
19106 36
19106 36
19106 36
19106 36
19106 36
19106 36
19106 36
19106 36
19106 36
19106 36
19144 26
19106 36
19106 36
19106 36
19106 36
19106 36
19106 36
19107 36
19103 36
19107 301
19107 36
19123 26
19123 36
19123 26
19123 26
19104 76
19130 51
19103 51
19130 51
19103 76
19103 36
19130 26
19102 51
19130 51
19103 36
19103 36
19103 36
19103 51
19147 36
19104 36
19104 36
19102 51
19104 36
19144 26
19104 36
19104 36
19104 36
19102 76
19104 36
19139 26
19121 51
19121 51
19107 36
19106 36
19104 41
19104 51
19104 26
19104 76
19104 51
19104 36
19104 26
19104 101
19104 26
19134 26
19132 26
19140 26
19140 26
19130 36
19107 51
19147 36
19103 36
19103 36
19103 36
19103 36
19103 36
19103 36
19103 36
19103 36
19103 51
19147 36
19103 36
19103 36
19103 36
19103 36
19103 36
19103 36
19103 36
19103 36
19103 36
19103 36
19103 36
19107 36
19103 76
19103 31
19103 31
19103 36
19147 36
19102 51
19107 76
19103 301
19130 26
19106 36
19106 36
19107 36
19147 76
19147 76
19147 36
19102 76
19147 26
19147 26
19147 36
19147 26
19104 36
19104 36
19127 76
19127 76
19127 76
19127 76
19127 51
19127 76
19127 51
19127 51
19127 26
19127 51
19128 51
19128 51
19128 51
19128 51
19128 51
19128 41
19148 51
19148 26
19148 26
19148 26
19148 26
19148 26
19147 51
19148 26
19148 51
19107 76
19120 51
19121 51
19132 51
19140 51
19107 76
19136 51
19120 51
19104 51
19121 51
19124 51
19103 31
19106 36
19106 36
19106 36
19147 36
19106 36
19106 36
19106 36
19106 36
19106 36
19146 26
19102 51
19106 36
19102 51
19146 26
19102 51
19146 51
19102 36
19146 26
19102 36
19103 31
19103 36
19102 36
19103 36
19148 26
19123 51
19103 36
19106 36
19106 76
19123 26
19123 26
19123 26
19147 36
19123 26
19121 26
19121 26
19121 26
19123 36
19121 26
19121 26
19121 26
19121 26
19147 36
19147 31
19148 26
19147 36
19147 51
19107 36
19147 36
19106 36
19147 36
19104 36
19104 26
19104 36
19107 36
19104 36
19104 36
19107 36
19104 36
19129 26
19129 26
19129 26
19129 26
19129 26
19129 26
19129 26
19107 36
19129 26
19129 26
19129 26
19129 26
19129 26
19129 26
19129 51
19129 26
19147 36
19129 26
19129 26
19107 36
19147 36
19147 36
19147 36
19147 36
19102 36
19147 36
19129 51
19123 36
19107 36
19106 36
19147 26
19121 51
19121 26
19147 26
19147 26
19147 36
19106 36
19146 26
19147 26
19147 26
19106 36
19104 36
19104 26
19103 36
19103 51
19103 36
19104 36
19104 36
19107 36
19147 36
19147 36
19107 36
19107 76
19145 51
19107 41
19104 36
19107 51
19140 76
19144 51
19107 36
19104 36
19145 41
19130 51
19130 51
19130 51
19130 51
19106 76
19102 101
19104 76
19103 31
19130 36
19130 76
19130 36
19130 36
19130 36
19130 41
19124 26
19124 26
19124 26
19124 26
19124 26
19127 41
19107 36
19107 36
19107 41
19125 51
19123 41
19147 36
19123 51
19123 51
19123 51
19104 51
19152 26
19107 76
19129 41
19127 26
19129 26
19147 36
19106 76
19103 76
19147 36
19147 36
19147 36
19147 36
19147 36
19147 36
19147 36
19147 36
19147 36
19107 36
19147 36
19147 36
19147 36
19147 36
19147 36
19107 36
19107 36
19123 36
19147 36
19147 76
19123 51
19127 51
19128 41
19107 76
19104 26
19104 36
19104 26
19146 36
19130 51
19130 36
19147 31
19147 36
19147 36
19147 36
19147 36
19147 36
19147 36
19147 36
19147 36
19147 36
19147 36
19147 36
19147 36
19147 26
19147 36
19147 36
19147 36
19147 36
19147 26
19147 76
19147 36
19145 51
19147 36
19147 51
19147 36
19147 51
19147 36
19147 36
19103 36
19140 26
19148 26
19147 36
19148 51
19147 76
19140 51
19147 36
19147 36
19140 26
19107 76
19140 26
19140 26
19123 36
19127 51
19107 51
19103 31
19127 31
19102 36
19147 41
19106 51
19147 36
19106 76
19103 36
19141 26
19102 36
19103 76
19103 36
19107 36
19103 36
19103 36
19103 36
19103 36
19103 36
19103 36
19103 36
19103 36
19103 36
19103 36
19103 51
19103 36
19103 36
19107 36
19107 76
19107 36
19107 76
19144 26
19146 26
19146 36
19146 26
19144 26
19146 26
19144 51
19102 36
19107 36
19103 36
19102 36
19149 26
19102 36
19103 36
19102 36
19102 36
19102 51
19102 36
19102 36
19102 36
19102 36
19102 31
19103 36
19102 36
19147 76
19107 76
19139 26
19139 26
19139 26
19147 41
19147 41
19147 41
19147 41
19147 41
19147 41
19107 76
19107 36
19107 36
19107 36
19107 36
19107 36
19147 26
19147 26
19147 26
19130 26
19103 36
19130 41
19123 36
19147 36
19147 36
19147 36
19147 36
19103 51
19106 36
19106 36
19106 36
19106 36
19106 36
19106 36
19106 76
19106 36
19107 36
19147 41
19147 51
19106 36
19106 36
19106 36
19106 76
19106 76
19106 76
19106 36
19106 76
19147 36
19127 51
19107 51
19104 41
19104 41
19106 36
19104 36
19104 36
19103 36
19104 41
19104 76
19104 41
19104 41
19104 41
19107 36
19103 36
19103 76
19103 36
19103 76
19103 36
19103 36
19103 36
19103 36
19103 36
19106 36
19103 36
19106 76
19104 36
19141 26
19141 26
19141 26
19141 26
19141 26
19141 26
19141 26
19141 26
19141 26
19122 31
19121 41
19121 26
19121 26
19146 36
19146 36
19121 26
19146 36
19146 36
19146 36
19146 51
19146 36
19146 36
19146 36
19103 36
19146 36
19146 36
19146 36
19104 36
19104 36
19146 36
19146 36
19146 36
19146 36
19146 36
19130 36
19130 36
19130 36
19130 36
19130 36
19130 36
19130 36
19130 51
19130 36
19146 36
19146 51
19146 51
19146 36
19146 26
19146 76
19104 76
19107 51
19127 26
19127 26
19127 26
19127 26
19127 26
19127 51
19127 26
19127 26
19127 26
19104 26
19104 26
19104 26
19147 36
19147 36
19147 36
19147 36
19147 36
19147 36
19147 76
19147 36
19147 36
19147 36
19147 36
19147 51
19148 76
19147 36
19147 36
19147 51
19147 36
19147 36
19147 51
19147 36
19147 36
19147 36
19147 36
19147 36
19147 51
19147 36
19147 36
19147 36
19147 36
19147 36
19147 36
19147 36
19147 36
19147 36
19147 36
19147 36
19147 36
19147 36
19147 36
19147 36
19147 36
19147 36
19147 36
19147 36
19147 36
19147 36
19147 36
19147 36
19147 51
19147 36
19147 51
19147 36
19147 36
19147 51
19147 36
19147 36
19147 36
19147 51
19147 36
19147 36
19147 76
19147 36
19147 36
19147 36
19147 36
19147 36
19147 36
19147 36
19144 41
19144 26
19144 26
19141 51
19144 51
19144 26
19144 26
19141 51
19144 26
19144 26
19149 26
19141 41
19144 26
19140 26
19104 26
19104 26
19147 36
19107 36
19103 36
19102 36
19147 41
19147 36
19104 26
19104 36
19104 26
19103 36
19103 36
19106 36
19103 36
19145 51
19145 51
19121 51
19123 36
19107 76
19102 76
19104 51
19102 76
19102 51
19102 76
19106 76
19106 36
19123 26
19107 36
19103 51
19103 36
19106 36
19103 51
19147 26
19147 76
19107 36
19107 76
19147 26
19107 36
19148 26
19147 36
19148 26
19106 76
19102 76
19147 76
19107 36
19147 26
19123 26
19123 51
19123 51
19123 26
19123 51
19123 26
19148 26
19106 36
19106 36
19123 51
19123 26
19123 26
19123 26
19123 26
19123 26
19139 26
19144 26
19107 36
19147 51
19147 26
19147 41
19147 41
19147 41
19147 41
19147 26
19147 26
19147 51
19147 76
19147 26
19111 301
19130 26
19130 76
19130 41
19130 41
19130 41
19147 26
19147 36
19147 26
19147 36
19147 36
19147 51
19147 76
19147 36
19147 36
19147 36
19139 26
19139 26
19103 36
19103 36
19103 36
19103 51
19143 26
19103 76
19103 36
19147 36
19103 51
19103 76
19103 51
19107 36
19148 41
19107 76
19147 31
19106 76
19107 36
19148 41
19147 26
19147 51
19148 41
19147 31
19107 51
19103 41
19107 31
19130 26
19103 36
19148 26
19148 26
19103 36
19103 36
19130 36
19146 36
19103 36
19103 36
19103 36
19103 36
19103 36
19103 36
19106 36
19107 76
19107 76
19147 26
19147 26
19147 26
19147 26
19147 26
19147 26
